40  10 3 24 12 0 7 8 11 14 21 22 23 2 1 9 17 18 6 20 4 13 15 5 19 16
38  2 17 4 13 7 12 10 3 0 16 21 24 8 5 18 20 15 19 14 9 22 11 6 1 23
25  3 17 9 8 24 1 11 12 14 0 5 4 22 13 16 21 15 6 7 10 20 23 2 18 19
32  1 12 18 13 17 15 3 7 20 0 19 24 6 5 21 11 2 8 9 16 22 10 4 23 14
44  8 12 18 3 2 11 10 22 24 17 1 13 23 4 20 16 6 15 9 21 19 5 14 0 7
37  23 22 5 3 9 6 18 15 10 2 21 13 19 12 20 7 0 1 16 24 17 4 14 8 11
30  8 19 7 16 12 2 13 22 14 9 11 5 6 3 18 24 0 15 10 23 1 20 4 17 21
13  21 24 8 1 19 22 12 9 7 18 4 0 23 14 10 6 3 11 16 5 15 2 20 13 17
1  14 5 9 2 18 8 23 19 12 17 15 0 10 20 4 6 11 21 1 7 24 3 16 22 13
36  2 10 1 7 16 9 0 6 12 11 3 18 22 4 13 24 20 15 8 14 21 23 17 19 5
5  17 1 20 9 16 2 22 19 14 5 15 21 0 3 24 23 18 13 12 7 10 8 6 4 11
22  7 6 3 22 15 19 21 2 13 0 8 10 9 4 18 16 11 24 5 12 17 1 23 14 20
16  18 24 17 11 12 10 19 15 6 1 5 21 22 9 7 3 2 16 14 4 20 23 0 8 13
29  10 3 6 13 1 2 20 14 18 11 15 7 5 12 9 24 17 22 4 8 21 23 19 16 0
4  18 14 0 9 8 3 7 19 2 15 5 12 1 13 24 23 4 21 10 20 16 22 11 6 17
26  22 21 15 3 14 13 9 19 24 23 16 0 7 10 18 4 11 20 8 2 1 6 5 17 12
